{
    "camera_angle_x": 0.6911112070083618,
    "frames": [
        {
            "file_path": "r_0",
            "transform_matrix": [
                [
                    -1.0,
                    0.0,
                    0.0,
                    0.0
                ],
                [
                    0.0,
                    -0.9405869841575623,
                    0.339552640914917,
                    1.3687806129455566
                ],
                [
                    0.0,
                    0.3395526111125946,
                    0.9405869841575623,
                    3.7916276454925537
                ],
                [
                    0.0,
                    0.0,
                    0.0,
                    1.0
                ]
            ]
        },
        {
            "file_path": "r_1",
            "transform_matrix": [
                [
                    -0.9993908405303955,
                    0.03282599151134491,
                    -0.01185021735727787,
                    -0.047769755125045776
                ],
                [
                    -0.03489949181675911,
                    -0.940013587474823,
                    0.3393458425998688,
                    1.3679468631744385
                ],
                [
                    -9.313225746154785e-10,
                    0.3395524322986603,
                    0.940587043762207,
                    3.7916276454925537
                ],
                [
                    0.0,
                    0.0,
                    0.0,
                    1.0
                ]
            ]
        },
        {
            "file_path": "r_2",
            "transform_matrix": [
                [
                    -0.997563362121582,
                    0.06560878455638885,
                    -0.023695001378655434,
                    -0.09551757574081421
                ],
                [
                    -0.06975643336772919,
                    -0.9382492899894714,
                    0.33885425329208374,
                    1.3659648895263672
                ],
                [
                    -1.862643705941025e-09,
                    0.33968183398246765,
                    0.9405406713485718,
                    3.7914397716522217
                ],
                [
                    0.0,
                    0.0,
                    0.0,
                    1.0
                ]
            ]
        },
        {
            "file_path": "r_3",
            "transform_matrix": [
                [
                    -0.994521975517273,
                    0.09829860180616379,
                    -0.03554682061076164,
                    -0.1432938128709793
                ],
                [
                    -0.10452848672866821,
                    -0.935248613357544,
                    0.33820536732673645,
                    1.363349437713623
                ],
                [
                    0.0,
                    0.3400682210922241,
                    0.9404007196426392,
                    3.7908763885498047
                ],
                [
                    0.0,
                    0.0,
                    0.0,
                    1.0
                ]
            ]
        },
        {
            "file_path": "r_4",
            "transform_matrix": [
                [
                    -0.9902681112289429,
                    0.13084600865840912,
                    -0.047418028116226196,
                    -0.19114819169044495
                ],
                [
                    -0.13917309045791626,
                    -0.9310178756713867,
                    0.3373968303203583,
                    1.3600901365280151
                ],
                [
                    -3.725290298461914e-09,
                    0.34071266651153564,
                    0.9401674866676331,
                    3.7899363040924072
                ],
                [
                    0.0,
                    0.0,
                    0.0,
                    1.0
                ]
            ]
        },
        {
            "file_path": "r_5",
            "transform_matrix": [
                [
                    -0.9848090410232544,
                    0.1632014513015747,
                    -0.05932065099477768,
                    -0.2391291856765747
                ],
                [
                    -0.173648402094841,
                    -0.9255613684654236,
                    0.3364241123199463,
                    1.3561689853668213
                ],
                [
                    3.725295183443222e-09,
                    0.34161388874053955,
                    0.9398403167724609,
                    3.7886173725128174
                ],
                [
                    0.0,
                    0.0,
                    0.0,
                    1.0
                ]
            ]
        },
        {
            "file_path": "r_6",
            "transform_matrix": [
                [
                    -0.9781476259231567,
                    0.1953161060810089,
                    -0.07126626372337341,
                    -0.28728365898132324
                ],
                [
                    -0.2079116702079773,
                    -0.918890118598938,
                    0.3352814018726349,
                    1.3515633344650269
                ],
                [
                    -7.450580596923828e-09,
                    0.3427719473838806,
                    0.9394181370735168,
                    3.7869174480438232
                ],
                [
                    0.0,
                    0.0,
                    0.0,
                    1.0
                ]
            ]
        },
        {
            "file_path": "r_7",
            "transform_matrix": [
                [
                    -0.970295786857605,
                    0.22714082896709442,
                    -0.08326613903045654,
                    -0.3356564939022064
                ],
                [
                    -0.24192190170288086,
                    -0.9110121130943298,
                    0.33396223187446594,
                    1.3462446928024292
                ],
                [
                    -7.450580596923828e-09,
                    0.3441859781742096,
                    0.9389015436172485,
                    3.784832715988159
                ],
                [
                    0.0,
                    0.0,
                    0.0,
                    1.0
                ]
            ]
        },
        {
            "file_path": "r_8",
            "transform_matrix": [
                [
                    -0.9612616300582886,
                    0.2586272358894348,
                    -0.09533049166202545,
                    -0.3842897117137909
                ],
                [
                    -0.27563732862472534,
                    -0.9019403457641602,
                    0.33245691657066345,
                    1.3401774168014526
                ],
                [
                    -7.450580152834618e-09,
                    0.34585484862327576,
                    0.9382874965667725,
                    3.7823598384857178
                ],
                [
                    0.0,
                    0.0,
                    0.0,
                    1.0
                ]
            ]
        },
        {
            "file_path": "r_9",
            "transform_matrix": [
                [
                    -0.9510565400123596,
                    0.28972724080085754,
                    -0.10746924579143524,
                    -0.43322262167930603
                ],
                [
                    -0.30901700258255005,
                    -0.8916887044906616,
                    0.3307563066482544,
                    1.3333220481872559
                ],
                [
                    0.0,
                    0.34777799248695374,
                    0.937576413154602,
                    3.7794933319091797
                ],
                [
                    0.0,
                    0.0,
                    0.0,
                    1.0
                ]
            ]
        },
        {
            "file_path": "r_10",
            "transform_matrix": [
                [
                    -0.9396939873695374,
                    0.3203929364681244,
                    -0.11969125270843506,
                    -0.4824908971786499
                ],
                [
                    -0.34202060103416443,
                    -0.8802723288536072,
                    0.3288489878177643,
                    1.3256328105926514
                ],
                [
                    -7.450591255064865e-09,
                    0.34995347261428833,
                    0.9367669224739075,
                    3.776228427886963
                ],
                [
                    0.0,
                    0.0,
                    0.0,
                    1.0
                ]
            ]
        },
        {
            "file_path": "r_11",
            "transform_matrix": [
                [
                    -0.9271838665008545,
                    0.35057803988456726,
                    -0.13200433552265167,
                    -0.5321265459060669
                ],
                [
                    -0.3746066093444824,
                    -0.867711067199707,
                    0.3267222046852112,
                    1.3170593976974487
                ],
                [
                    7.450580596923828e-09,
                    0.35238128900527954,
                    0.9358564019203186,
                    3.7725582122802734
                ],
                [
                    0.0,
                    0.0,
                    0.0,
                    1.0
                ]
            ]
        },
        {
            "file_path": "r_12",
            "transform_matrix": [
                [
                    -0.9135454893112183,
                    0.38023534417152405,
                    -0.14441539347171783,
                    -0.5821570754051208
                ],
                [
                    -0.40673667192459106,
                    -0.8540225028991699,
                    0.32436224818229675,
                    1.3075460195541382
                ],
                [
                    -7.450580596923828e-09,
                    0.3550587296485901,
                    0.9348440170288086,
                    3.768476724624634
                ],
                [
                    0.0,
                    0.0,
                    0.0,
                    1.0
                ]
            ]
        },
        {
            "file_path": "r_13",
            "transform_matrix": [
                [
                    -0.898794412612915,
                    0.40931910276412964,
                    -0.156930074095726,
                    -0.6326054334640503
                ],
                [
                    -0.43837136030197144,
                    -0.8392285108566284,
                    0.3217543065547943,
                    1.2970331907272339
                ],
                [
                    -1.4901168299275014e-08,
                    0.3579842150211334,
                    0.933727502822876,
                    3.7639760971069336
                ],
                [
                    0.0,
                    0.0,
                    0.0,
                    1.0
                ]
            ]
        },
        {
            "file_path": "r_14",
            "transform_matrix": [
                [
                    -0.882948637008667,
                    0.4377845823764801,
                    -0.16955293715000153,
                    -0.6834897398948669
                ],
                [
                    -0.46947214007377625,
                    -0.8233530521392822,
                    0.31888267397880554,
                    1.2854571342468262
                ],
                [
                    -1.490117895741605e-08,
                    0.36115705966949463,
                    0.9325050115585327,
                    3.7590479850769043
                ],
                [
                    0.0,
                    0.0,
                    0.0,
                    1.0
                ]
            ]
        },
        {
            "file_path": "r_15",
            "transform_matrix": [
                [
                    -0.8660253882408142,
                    0.46558722853660583,
                    -0.18228694796562195,
                    -0.7348222732543945
                ],
                [
                    -0.5,
                    -0.8064207434654236,
                    0.3157302439212799,
                    1.272749423980713
                ],
                [
                    0.0,
                    0.3645738959312439,
                    0.9311743974685669,
                    3.7536842823028564
                ],
                [
                    0.0,
                    0.0,
                    0.0,
                    1.0
                ]
            ]
        },
        {
            "file_path": "r_16",
            "transform_matrix": [
                [
                    -0.8480478525161743,
                    0.4926837086677551,
                    -0.1951339840888977,
                    -0.7866102457046509
                ],
                [
                    -0.5299192070960999,
                    -0.7884585857391357,
                    0.3122795820236206,
                    1.2588392496109009
                ],
                [
                    -1.4901157641133977e-08,
                    0.368233323097229,
                    0.929733395576477,
                    3.747875213623047
                ],
                [
                    0.0,
                    0.0,
                    0.0,
                    1.0
                ]
            ]
        },
        {
            "file_path": "r_17",
            "transform_matrix": [
                [
                    -0.8290376663208008,
                    0.5190312266349792,
                    -0.20809395611286163,
                    -0.8388539552688599
                ],
                [
                    -0.5591928958892822,
                    -0.7694955468177795,
                    0.30851200222969055,
                    1.243652105331421
                ],
                [
                    0.0,
                    0.372132807970047,
                    0.9281790852546692,
                    3.7416110038757324
                ],
                [
                    0.0,
                    0.0,
                    0.0,
                    1.0
                ]
            ]
        },
        {
            "file_path": "r_18",
            "transform_matrix": [
                [
                    -0.8090170621871948,
                    0.5445889234542847,
                    -0.22116591036319733,
                    -0.8915482759475708
                ],
                [
                    -0.5877853035926819,
                    -0.7495623230934143,
                    0.3044087290763855,
                    1.2271108627319336
                ],
                [
                    -1.4901162970204496e-08,
                    0.3762698173522949,
                    0.9265100955963135,
                    3.734881639480591
                ],
                [
                    0.0,
                    0.0,
                    0.0,
                    1.0
                ]
            ]
        },
        {
            "file_path": "r_19",
            "transform_matrix": [
                [
                    -0.788010835647583,
                    0.5693158507347107,
                    -0.23434649407863617,
                    -0.9446813464164734
                ],
                [
                    -0.6156615018844604,
                    -0.728691041469574,
                    0.29994988441467285,
                    1.2091370820999146
                ],
                [
                    1.4901162970204496e-08,
                    0.380641907453537,
                    0.9247220754623413,
                    3.727675437927246
                ],
                [
                    0.0,
                    0.0,
                    0.0,
                    1.0
                ]
            ]
        },
        {
            "file_path": "r_20",
            "transform_matrix": [
                [
                    -0.7660444974899292,
                    0.5931733250617981,
                    -0.24763146042823792,
                    -0.9982343912124634
                ],
                [
                    -0.6427876353263855,
                    -0.7069164514541626,
                    0.2951156795024872,
                    1.1896494626998901
                ],
                [
                    1.4901161193847656e-08,
                    0.3852461576461792,
                    0.9228137731552124,
                    3.7199814319610596
                ],
                [
                    0.0,
                    0.0,
                    0.0,
                    1.0
                ]
            ]
        },
        {
            "file_path": "r_21",
            "transform_matrix": [
                [
                    -0.7431448101997375,
                    0.6161229014396667,
                    -0.2610141634941101,
                    -1.0521817207336426
                ],
                [
                    -0.6691305637359619,
                    -0.6842737793922424,
                    0.28988561034202576,
                    1.1685662269592285
                ],
                [
                    1.4901160305669237e-08,
                    0.3900796175003052,
                    0.920781135559082,
                    3.711787462234497
                ],
                [
                    0.0,
                    0.0,
                    0.0,
                    1.0
                ]
            ]
        },
        {
            "file_path": "r_22",
            "transform_matrix": [
                [
                    -0.7193397879600525,
                    0.6381279826164246,
                    -0.2744864523410797,
                    -1.1064902544021606
                ],
                [
                    -0.6946582794189453,
                    -0.6608009934425354,
                    0.2842390835285187,
                    1.1458044052124023
                ],
                [
                    -1.4901160305669237e-08,
                    0.39513856172561646,
                    0.9186214804649353,
                    3.7030816078186035
                ],
                [
                    0.0,
                    0.0,
                    0.0,
                    1.0
                ]
            ]
        },
        {
            "file_path": "r_23",
            "transform_matrix": [
                [
                    -0.6946583986282349,
                    0.659153401851654,
                    -0.288038432598114,
                    -1.1611204147338867
                ],
                [
                    -0.7193397283554077,
                    -0.6365371346473694,
                    0.27815550565719604,
                    1.1212810277938843
                ],
                [
                    -1.4901161193847656e-08,
                    0.40042057633399963,
                    0.9163311123847961,
                    3.693850040435791
                ],
                [
                    0.0,
                    0.0,
                    0.0,
                    1.0
                ]
            ]
        },
        {
            "file_path": "r_24",
            "transform_matrix": [
                [
                    -0.6691306829452515,
                    0.6791653037071228,
                    -0.30165842175483704,
                    -1.2160240411758423
                ],
                [
                    -0.7431447505950928,
                    -0.6115233302116394,
                    0.27161452174186707,
                    1.094913125038147
                ],
                [
                    0.0,
                    0.40592119097709656,
                    0.9139079451560974,
                    3.6840808391571045
                ],
                [
                    0.0,
                    0.0,
                    0.0,
                    1.0
                ]
            ]
        },
        {
            "file_path": "r_25",
            "transform_matrix": [
                [
                    -0.6427876353263855,
                    0.6981326937675476,
                    -0.3153328001499176,
                    -1.2711471319198608
                ],
                [
                    -0.7660443782806396,
                    -0.5858029723167419,
                    0.2645956873893738,
                    1.0666192770004272
                ],
                [
                    1.4901160305669237e-08,
                    0.41163772344589233,
                    0.9113475680351257,
                    3.6737594604492188
                ],
                [
                    0.0,
                    0.0,
                    0.0,
                    1.0
                ]
            ]
        },
        {
            "file_path": "r_26",
            "transform_matrix": [
                [
                    -0.6156615018844604,
                    0.7160234451293945,
                    -0.3290459215641022,
                    -1.3264269828796387
                ],
                [
                    -0.7880107164382935,
                    -0.5594189167022705,
                    0.2570788860321045,
                    1.0363185405731201
                ],
                [
                    0.0,
                    0.4175655245780945,
                    0.9086465239524841,
                    3.662872552871704
                ],
                [
                    0.0,
                    0.0,
                    0.0,
                    1.0
                ]
            ]
        },
        {
            "file_path": "r_27",
            "transform_matrix": [
                [
                    -0.5877853631973267,
                    0.7328094244003296,
                    -0.34278082847595215,
                    -1.381793737411499
                ],
                [
                    -0.8090168833732605,
                    -0.5324174165725708,
                    0.24904493987560272,
                    1.003932237625122
                ],
                [
                    0.0,
                    0.4237005114555359,
                    0.9058023691177368,
                    3.6514060497283936
                ],
                [
                    0.0,
                    0.0,
                    0.0,
                    1.0
                ]
            ]
        },
        {
            "file_path": "r_28",
            "transform_matrix": [
                [
                    -0.5591930747032166,
                    0.7484631538391113,
                    -0.356518030166626,
                    -1.437170147895813
                ],
                [
                    -0.8290375471115112,
                    -0.5048449635505676,
                    0.24047453701496124,
                    0.9693838357925415
                ],
                [
                    0.0,
                    0.43003806471824646,
                    0.9028105735778809,
                    3.63934588432312
                ],
                [
                    0.0,
                    0.0,
                    0.0,
                    1.0
                ]
            ]
        },
        {
            "file_path": "r_29",
            "transform_matrix": [
                [
                    -0.5299193859100342,
                    0.7629615068435669,
                    -0.3702368140220642,
                    -1.4924724102020264
                ],
                [
                    -0.8480480909347534,
                    -0.4767513573169708,
                    0.23134970664978027,
                    0.9326005578041077
                ],
                [
                    1.4901161193847656e-08,
                    0.43657517433166504,
                    0.8996676802635193,
                    3.626676559448242
                ],
                [
                    0.0,
                    0.0,
                    0.0,
                    1.0
                ]
            ]
        },
        {
            "file_path": "r_30",
            "transform_matrix": [
                [
                    -0.5000002384185791,
                    0.7762794494628906,
                    -0.3839142620563507,
                    -1.5476078987121582
                ],
                [
                    -0.8660256266593933,
                    -0.4481852352619171,
                    0.2216530442237854,
                    0.8935120105743408
                ],
                [
                    0.0,
                    0.44330596923828125,
                    0.8963703513145447,
                    3.613384485244751
                ],
                [
                    0.0,
                    0.0,
                    0.0,
                    1.0
                ]
            ]
        },
        {
            "file_path": "r_31",
            "transform_matrix": [
                [
                    -0.46947214007377625,
                    0.7883967161178589,
                    -0.3975258767604828,
                    -1.6024785041809082
                ],
                [
                    -0.882948637008667,
                    -0.4191979765892029,
                    0.21136826276779175,
                    0.8520529866218567
                ],
                [
                    0.0,
                    0.45022594928741455,
                    0.892914354801178,
                    3.599453926086426
                ],
                [
                    0.0,
                    0.0,
                    0.0,
                    1.0
                ]
            ]
        },
        {
            "file_path": "r_32",
            "transform_matrix": [
                [
                    -0.4383711516857147,
                    0.799294114112854,
                    -0.41104570031166077,
                    -1.6569782495498657
                ],
                [
                    -0.8987939953804016,
                    -0.38984179496765137,
                    0.2004803866147995,
                    0.808162271976471
                ],
                [
                    0.0,
                    0.45732977986335754,
                    0.8892970085144043,
                    3.5848708152770996
                ],
                [
                    0.0,
                    0.0,
                    0.0,
                    1.0
                ]
            ]
        },
        {
            "file_path": "r_33",
            "transform_matrix": [
                [
                    -0.4067365825176239,
                    0.8089569807052612,
                    -0.4244455099105835,
                    -1.7109946012496948
                ],
                [
                    -0.9135454297065735,
                    -0.36017078161239624,
                    0.1889752894639969,
                    0.76178377866745
                ],
                [
                    0.0,
                    0.4646134674549103,
                    0.8855136036872864,
                    3.5696194171905518
                ],
                [
                    0.0,
                    0.0,
                    0.0,
                    1.0
                ]
            ]
        },
        {
            "file_path": "r_34",
            "transform_matrix": [
                [
                    -0.37460654973983765,
                    0.81736820936203,
                    -0.4376959800720215,
                    -1.764409065246582
                ],
                [
                    -0.9271839261054993,
                    -0.33023813366889954,
                    0.1768406182527542,
                    0.7128673791885376
                ],
                [
                    -1.4901162970204496e-08,
                    0.47206997871398926,
                    0.8815608620643616,
                    3.5536856651306152
                ],
                [
                    0.0,
                    0.0,
                    0.0,
                    1.0
                ]
            ]
        },
        {
            "file_path": "r_35",
            "transform_matrix": [
                [
                    -0.34202006459236145,
                    0.8245193362236023,
                    -0.4507658779621124,
                    -1.8170968294143677
                ],
                [
                    -0.9396927356719971,
                    -0.3001003861427307,
                    0.16406530141830444,
                    0.6613689064979553
                ],
                [
                    0.0,
                    0.4796953797340393,
                    0.8774343729019165,
                    3.5370538234710693
                ],
                [
                    0.0,
                    0.0,
                    0.0,
                    1.0
                ]
            ]
        },
        {
            "file_path": "r_36",
            "transform_matrix": [
                [
                    -0.3090170621871948,
                    0.8303983211517334,
                    -0.4636237323284149,
                    -1.868927001953125
                ],
                [
                    -0.9510573148727417,
                    -0.26981261372566223,
                    0.15064039826393127,
                    0.6072508692741394
                ],
                [
                    0.0,
                    0.4874827265739441,
                    0.873132586479187,
                    3.519710063934326
                ],
                [
                    0.0,
                    0.0,
                    0.0,
                    1.0
                ]
            ]
        },
        {
            "file_path": "r_37",
            "transform_matrix": [
                [
                    -0.275637149810791,
                    0.8349997997283936,
                    -0.4762347936630249,
                    -1.9197638034820557
                ],
                [
                    -0.9612618088722229,
                    -0.23943215608596802,
                    0.13655802607536316,
                    0.550482988357544
                ],
                [
                    7.450580596923828e-09,
                    0.4954267144203186,
                    0.8686497211456299,
                    3.5016391277313232
                ],
                [
                    0.0,
                    0.0,
                    0.0,
                    1.0
                ]
            ]
        },
        {
            "file_path": "r_38",
            "transform_matrix": [
                [
                    -0.24192161858081818,
                    0.8383181095123291,
                    -0.4885643720626831,
                    -1.969465970993042
                ],
                [
                    -0.9702957272529602,
                    -0.20901595056056976,
                    0.12181264907121658,
                    0.49104249477386475
                ],
                [
                    0.0,
                    0.5035204291343689,
                    0.8639829754829407,
                    3.4828267097473145
                ],
                [
                    0.0,
                    0.0,
                    0.0,
                    1.0
                ]
            ]
        },
        {
            "file_path": "r_39",
            "transform_matrix": [
                [
                    -0.20791146159172058,
                    0.8403547406196594,
                    -0.5005764365196228,
                    -2.017888069152832
                ],
                [
                    -0.9781477451324463,
                    -0.17862267792224884,
                    0.10640066117048264,
                    0.42891478538513184
                ],
                [
                    -7.450581485102248e-09,
                    0.5117595791816711,
                    0.8591287136077881,
                    3.4632585048675537
                ],
                [
                    0.0,
                    0.0,
                    0.0,
                    1.0
                ]
            ]
        },
        {
            "file_path": "r_40",
            "transform_matrix": [
                [
                    -0.1736477166414261,
                    0.8411080837249756,
                    -0.5122340321540833,
                    -2.064880609512329
                ],
                [
                    -0.9848070740699768,
                    -0.14830975234508514,
                    0.09032050520181656,
                    0.36409348249435425
                ],
                [
                    0.0,
                    0.5201359391212463,
                    0.854083776473999,
                    3.442920684814453
                ],
                [
                    0.0,
                    0.0,
                    0.0,
                    1.0
                ]
            ]
        },
        {
            "file_path": "r_41",
            "transform_matrix": [
                [
                    -0.1391727179288864,
                    0.8405832648277283,
                    -0.5234981775283813,
                    -2.1102898120880127
                ],
                [
                    -0.9902680516242981,
                    -0.1181359589099884,
                    0.07357267290353775,
                    0.29658111929893494
                ],
                [
                    0.0,
                    0.5286432504653931,
                    0.8488436341285706,
                    3.421800136566162
                ],
                [
                    0.0,
                    0.0,
                    0.0,
                    1.0
                ]
            ]
        },
        {
            "file_path": "r_42",
            "transform_matrix": [
                [
                    -0.10452808439731598,
                    0.8387869596481323,
                    -0.5343313217163086,
                    -2.1539597511291504
                ],
                [
                    -0.994521975517273,
                    -0.08815973252058029,
                    0.056160274893045425,
                    0.22638943791389465
                ],
                [
                    0.0,
                    0.5372748374938965,
                    0.8434066772460938,
                    3.3998830318450928
                ],
                [
                    0.0,
                    0.0,
                    0.0,
                    1.0
                ]
            ]
        },
        {
            "file_path": "r_43",
            "transform_matrix": [
                [
                    -0.06975602358579636,
                    0.8357288241386414,
                    -0.5446937084197998,
                    -2.1957318782806396
                ],
                [
                    -0.9975640177726746,
                    -0.058439482003450394,
                    0.03808845207095146,
                    0.15353955328464508
                ],
                [
                    0.0,
                    0.546023964881897,
                    0.8377689719200134,
                    3.3771567344665527
                ],
                [
                    0.0,
                    0.0,
                    0.0,
                    1.0
                ]
            ]
        },
        {
            "file_path": "r_44",
            "transform_matrix": [
                [
                    -0.034899018704891205,
                    0.8314211964607239,
                    -0.5545455813407898,
                    -2.2354447841644287
                ],
                [
                    -0.9993908405303955,
                    -0.029033469036221504,
                    0.019364891573786736,
                    0.07806237787008286
                ],
                [
                    0.0,
                    0.5548834800720215,
                    0.831928014755249,
                    3.353609085083008
                ],
                [
                    0.0,
                    0.0,
                    0.0,
                    1.0
                ]
            ]
        },
        {
            "file_path": "r_45",
            "transform_matrix": [
                [
                    5.205484399084526e-07,
                    0.825879693031311,
                    -0.563846230506897,
                    -2.2729368209838867
                ],
                [
                    -0.9999999403953552,
                    4.2991044324480754e-07,
                    -2.935093164069258e-07,
                    -1.1831739357148763e-06
                ],
                [
                    0.0,
                    0.5638461112976074,
                    0.8258798122406006,
                    3.329227924346924
                ],
                [
                    0.0,
                    0.0,
                    0.0,
                    1.0
                ]
            ]
        },
        {
            "file_path": "r_46",
            "transform_matrix": [
                [
                    0.03490005433559418,
                    0.8191226720809937,
                    -0.5725554823875427,
                    -2.3080451488494873
                ],
                [
                    -0.9993908405303955,
                    0.02860485203564167,
                    -0.019994398579001427,
                    -0.08060000836849213
                ],
                [
                    -1.862645149230957e-09,
                    0.5729044675827026,
                    0.8196220397949219,
                    3.304002285003662
                ],
                [
                    0.0,
                    0.0,
                    0.0,
                    1.0
                ]
            ]
        },
        {
            "file_path": "r_47",
            "transform_matrix": [
                [
                    0.06975708156824112,
                    0.8111713528633118,
                    -0.580632746219635,
                    -2.3406074047088623
                ],
                [
                    -0.9975640773773193,
                    0.05672311782836914,
                    -0.040602151304483414,
                    -0.16367262601852417
                ],
                [
                    0.0,
                    0.5820510983467102,
                    0.813151478767395,
                    3.277921199798584
                ],
                [
                    0.0,
                    0.0,
                    0.0,
                    1.0
                ]
            ]
        },
        {
            "file_path": "r_48",
            "transform_matrix": [
                [
                    0.10452912002801895,
                    0.8020495772361755,
                    -0.5880388617515564,
                    -2.3704609870910645
                ],
                [
                    -0.9945218563079834,
