{
    "camera_angle_x": 0.6911112070083618,
    "trajectory_info": {
        "radius_start": 3.0,
        "radius_end": 10.0,
        "total_frames": 360,
        "fixed_azimuth": 0.0,
        "fixed_elevation": 0.7853981633974483
    },
    "frames": [
        {
            "file_path": "frame_0000",
            "camera_position": [
                2.121320343559643,
                0.0,
                2.121320343559643
            ],
            "radius": 3.0,
            "frame_number": 0,
            "transform_matrix": [
                [
                    0.0,
                    -0.7071067094802856,
                    0.7071068286895752,
                    2.1213202476501465
                ],
                [
                    0.9999999403953552,
                    0.0,
                    0.0,
                    0.0
                ],
                [
                    0.0,
                    0.7071067094802856,
                    0.7071068286895752,
                    2.1213202476501465
                ],
                [
                    0.0,
                    0.0,
                    0.0,
                    1.0
                ]
            ]
        },
        {
            "file_path": "frame_0001",
            "camera_position": [
                2.1351079409643945,
                0.0,
                2.1351079409643945
            ],
            "radius": 3.01949860724234,
            "frame_number": 1,
            "transform_matrix": [
                [
                    0.0,
                    -0.7071066498756409,
                    0.7071054577827454,
                    2.13510799407959
                ],
                [
                    0.9999999403953552,
                    0.0,
                    0.0,
                    0.0
                ],
                [
                    0.0,
                    0.7071067094802856,
                    0.7071054577827454,
                    2.13510799407959
                ],
                [
                    0.0,
                    0.0,
                    0.0,
                    1.0
                ]
            ]
        },
        {
            "file_path": "frame_0002",
            "camera_position": [
                2.1488955383691457,
                0.0,
                2.1488955383691457
            ],
            "radius": 3.0389972144846795,
            "frame_number": 2,
            "transform_matrix": [
                [
                    0.0,
                    -0.7071067094802856,
                    0.7071067094802856,
                    2.148895502090454
                ],
                [
                    0.9999999403953552,
                    0.0,
                    0.0,
                    0.0
                ],
                [
                    0.0,
                    0.7071067094802856,
                    0.7071067094802856,
                    2.148895502090454
                ],
                [
                    0.0,
                    0.0,
                    0.0,
                    1.0
                ]
            ]
        },
        {
            "file_path": "frame_0003",
            "camera_position": [
                2.162683135773898,
                0.0,
                2.162683135773898
            ],
            "radius": 3.0584958217270195,
            "frame_number": 3,
            "transform_matrix": [
                [
                    0.0,
                    -0.7071067094802856,
                    0.7071067094802856,
                    2.1626832485198975
                ],
                [
                    0.9999999403953552,
                    0.0,
                    0.0,
                    0.0
                ],
                [
                    0.0,
                    0.7071067094802856,
                    0.7071067094802856,
                    2.1626832485198975
                ],
                [
                    0.0,
                    0.0,
                    0.0,
                    1.0
                ]
            ]
        },
        {
            "file_path": "frame_0004",
            "camera_position": [
                2.1764707331786495,
                0.0,
                2.1764707331786495
            ],
            "radius": 3.0779944289693595,
            "frame_number": 4,
            "transform_matrix": [
                [
                    0.0,
                    -0.7071067094802856,
                    0.7071068286895752,
                    2.1764707565307617
                ],
                [
                    0.9999999403953552,
                    0.0,
                    0.0,
                    0.0
                ],
                [
                    0.0,
                    0.7071067094802856,
                    0.7071068286895752,
                    2.1764707565307617
                ],
                [
                    0.0,
                    0.0,
                    0.0,
                    1.0
                ]
            ]
        },
        {
            "file_path": "frame_0005",
            "camera_position": [
                2.1902583305834007,
                0.0,
                2.1902583305834007
            ],
            "radius": 3.097493036211699,
            "frame_number": 5,
            "transform_matrix": [
                [
                    0.0,
                    -0.7071067094802856,
                    0.7071067094802856,
                    2.190258264541626
                ],
                [
                    0.9999999403953552,
                    0.0,
                    0.0,
                    0.0
                ],
                [
                    0.0,
                    0.7071067094802856,
                    0.7071067094802856,
                    2.190258264541626
                ],
                [
                    0.0,
                    0.0,
                    0.0,
                    1.0
                ]
            ]
        },
        {
            "file_path": "frame_0006",
            "camera_position": [
                2.2040459279881524,
                0.0,
                2.2040459279881524
            ],
            "radius": 3.116991643454039,
            "frame_number": 6,
            "transform_matrix": [
                [
                    0.0,
                    -0.7071067094802856,
                    0.7071067094802856,
                    2.2040460109710693
                ],
                [
                    0.9999999403953552,
                    0.0,
                    0.0,
                    0.0
                ],
                [
                    0.0,
                    0.7071067094802856,
                    0.7071067094802856,
                    2.2040460109710693
                ],
                [
                    0.0,
                    0.0,
                    0.0,
                    1.0
                ]
            ]
        },
        {
            "file_path": "frame_0007",
            "camera_position": [
                2.217833525392904,
                0.0,
                2.217833525392904
            ],
            "radius": 3.136490250696379,
            "frame_number": 7,
            "transform_matrix": [
                [
                    0.0,
                    -0.7071066498756409,
                    0.7071054577827454,
                    2.2178335189819336
                ],
                [
                    0.9999999403953552,
                    0.0,
                    0.0,
                    0.0
                ],
                [
                    0.0,
                    0.7071067094802856,
                    0.7071054577827454,
                    2.2178335189819336
                ],
                [
                    0.0,
                    0.0,
                    0.0,
                    1.0
                ]
            ]
        },
        {
            "file_path": "frame_0008",
            "camera_position": [
                2.2316211227976557,
                0.0,
                2.2316211227976557
            ],
            "radius": 3.1559888579387185,
            "frame_number": 8,
            "transform_matrix": [
                [
                    0.0,
                    -0.7071067094802856,
                    0.7071067094802856,
                    2.231621026992798
                ],
                [
                    0.9999999403953552,
                    0.0,
                    0.0,
                    0.0
                ],
                [
                    0.0,
                    0.7071067094802856,
                    0.7071067094802856,
                    2.231621026992798
                ],
                [
                    0.0,
                    0.0,
                    0.0,
                    1.0
                ]
            ]
        },
        {
            "file_path": "frame_0009",
            "camera_position": [
                2.2454087202024073,
                0.0,
                2.2454087202024073
            ],
            "radius": 3.1754874651810585,
            "frame_number": 9,
            "transform_matrix": [
                [
                    0.0,
                    -0.7071067094802856,
                    0.7071068286895752,
                    2.245408773422241
                ],
                [
                    0.9999999403953552,
                    0.0,
                    0.0,
                    0.0
                ],
                [
                    0.0,
                    0.7071067094802856,
                    0.7071068286895752,
                    2.245408773422241
                ],
                [
                    0.0,
                    0.0,
                    0.0,
                    1.0
                ]
            ]
        },
        {
            "file_path": "frame_0010",
            "camera_position": [
                2.259196317607159,
                0.0,
                2.259196317607159
            ],
            "radius": 3.1949860724233985,
            "frame_number": 10,
            "transform_matrix": [
                [
                    0.0,
                    -0.7071067094802856,
                    0.7071068286895752,
                    2.2591962814331055
                ],
                [
                    0.9999999403953552,
                    0.0,
                    0.0,
                    0.0
                ],
                [
                    0.0,
                    0.7071067094802856,
                    0.7071068286895752,
                    2.2591962814331055
                ],
                [
                    0.0,
                    0.0,
                    0.0,
                    1.0
                ]
            ]
        },
        {
            "file_path": "frame_0011",
            "camera_position": [
                2.2729839150119107,
                0.0,
                2.2729839150119107
            ],
            "radius": 3.214484679665738,
            "frame_number": 11,
            "transform_matrix": [
                [
                    0.0,
                    -0.7071067094802856,
                    0.7071067094802856,
                    2.272984027862549
                ],
                [
                    0.9999999403953552,
                    0.0,
                    0.0,
                    0.0
                ],
                [
                    0.0,
                    0.7071067094802856,
                    0.7071067094802856,
                    2.272984027862549
                ],
                [
                    0.0,
                    0.0,
                    0.0,
                    1.0
                ]
            ]
        },
        {
            "file_path": "frame_0012",
            "camera_position": [
                2.2867715124166623,
                0.0,
                2.2867715124166623
            ],
            "radius": 3.233983286908078,
            "frame_number": 12,
            "transform_matrix": [
                [
                    0.0,
                    -0.7071067094802856,
                    0.7071068286895752,
                    2.286771535873413
                ],
                [
                    0.9999999403953552,
                    0.0,
                    0.0,
                    0.0
                ],
                [
                    0.0,
                    0.7071067094802856,
                    0.7071068286895752,
                    2.286771535873413
                ],
                [
                    0.0,
                    0.0,
                    0.0,
                    1.0
                ]
            ]
        },
        {
            "file_path": "frame_0013",
            "camera_position": [
                2.300559109821414,
                0.0,
                2.300559109821414
            ],
            "radius": 3.253481894150418,
            "frame_number": 13,
            "transform_matrix": [
                [
                    0.0,
                    -0.7071066498756409,
                    0.7071054577827454,
                    2.3005590438842773
                ],
                [
                    0.9999999403953552,
                    0.0,
                    0.0,
                    0.0
                ],
                [
                    0.0,
                    0.7071067094802856,
                    0.7071054577827454,
                    2.3005590438842773
                ],
                [
                    0.0,
                    0.0,
                    0.0,
                    1.0
                ]
            ]
        },
        {
            "file_path": "frame_0014",
            "camera_position": [
                2.314346707226165,
                0.0,
                2.314346707226165
            ],
            "radius": 3.2729805013927575,
            "frame_number": 14,
            "transform_matrix": [
                [
                    0.0,
                    -0.7071067094802856,
                    0.7071067094802856,
                    2.3143467903137207
                ],
                [
                    0.9999999403953552,
                    0.0,
                    0.0,
                    0.0
                ],
                [
                    0.0,
                    0.7071067094802856,
                    0.7071067094802856,
                    2.3143467903137207
                ],
                [
                    0.0,
                    0.0,
                    0.0,
                    1.0
                ]
            ]
        },
        {
            "file_path": "frame_0015",
            "camera_position": [
                2.3281343046309173,
                0.0,
                2.3281343046309173
            ],
            "radius": 3.2924791086350975,
            "frame_number": 15,
            "transform_matrix": [
                [
                    0.0,
                    -0.7071067094802856,
                    0.7071067094802856,
                    2.328134298324585
                ],
                [
                    0.9999999403953552,
                    0.0,
                    0.0,
                    0.0
                ],
                [
                    0.0,
                    0.7071067094802856,
                    0.7071067094802856,
                    2.328134298324585
                ],
                [
                    0.0,
                    0.0,
                    0.0,
                    1.0
                ]
            ]
        },
        {
            "file_path": "frame_0016",
            "camera_position": [
                2.341921902035669,
                0.0,
                2.341921902035669
            ],
            "radius": 3.3119777158774375,
            "frame_number": 16,
            "transform_matrix": [
                [
                    0.0,
                    -0.7071067094802856,
                    0.7071068286895752,
                    2.341921806335449
                ],
                [
                    0.9999999403953552,
                    0.0,
                    0.0,
                    0.0
                ],
                [
                    0.0,
                    0.7071067094802856,
                    0.7071068286895752,
                    2.341921806335449
                ],
                [
                    0.0,
                    0.0,
                    0.0,
                    1.0
                ]
            ]
        },
        {
            "file_path": "frame_0017",
            "camera_position": [
                2.35570949944042,
                0.0,
                2.35570949944042
            ],
            "radius": 3.331476323119777,
            "frame_number": 17,
            "transform_matrix": [
                [
                    0.0,
                    -0.7071067094802856,
                    0.7071067094802856,
                    2.3557095527648926
                ],
                [
                    0.9999999403953552,
                    0.0,
                    0.0,
                    0.0
                ],
                [
                    0.0,
                    0.7071067094802856,
                    0.7071067094802856,
                    2.3557095527648926
                ],
                [
                    0.0,
                    0.0,
                    0.0,
                    1.0
                ]
            ]
        },
        {
            "file_path": "frame_0018",
            "camera_position": [
                2.369497096845172,
                0.0,
                2.369497096845172
            ],
            "radius": 3.350974930362117,
            "frame_number": 18,
            "transform_matrix": [
                [
                    0.0,
                    -0.7071067094802856,
                    0.7071068286895752,
                    2.369497060775757
                ],
                [
                    0.9999999403953552,
                    0.0,
                    0.0,
                    0.0
                ],
                [
                    0.0,
                    0.7071067094802856,
                    0.7071068286895752,
                    2.369497060775757
                ],
                [
                    0.0,
                    0.0,
                    0.0,
                    1.0
                ]
            ]
        },
        {
            "file_path": "frame_0019",
            "camera_position": [
                2.3832846942499235,
                0.0,
                2.3832846942499235
            ],
            "radius": 3.370473537604457,
            "frame_number": 19,
            "transform_matrix": [
                [
                    0.0,
                    -0.7071067094802856,
                    0.7071068286895752,
                    2.3832848072052
                ],
                [
                    0.9999999403953552,
                    0.0,
                    0.0,
                    0.0
                ],
                [
                    0.0,
                    0.7071067094802856,
                    0.7071068286895752,
                    2.3832848072052
                ],
                [
                    0.0,
                    0.0,
                    0.0,
                    1.0
                ]
            ]
        },
        {
            "file_path": "frame_0020",
            "camera_position": [
                2.397072291654675,
                0.0,
                2.397072291654675
            ],
            "radius": 3.3899721448467965,
            "frame_number": 20,
            "transform_matrix": [
                [
                    0.0,
                    -0.7071067094802856,
                    0.7071067094802856,
                    2.3970723152160645
                ],
                [
                    0.9999999403953552,
                    0.0,
                    0.0,
                    0.0
                ],
                [
                    0.0,
                    0.7071067094802856,
                    0.7071067094802856,
                    2.3970723152160645
                ],
                [
                    0.0,
                    0.0,
                    0.0,
                    1.0
                ]
            ]
        },
        {
            "file_path": "frame_0021",
            "camera_position": [
                2.410859889059427,
                0.0,
                2.410859889059427
            ],
            "radius": 3.4094707520891365,
            "frame_number": 21,
            "transform_matrix": [
                [
                    0.0,
                    -0.7071067094802856,
                    0.7071067094802856,
                    2.4108598232269287
                ],
                [
                    0.9999999403953552,
                    0.0,
                    0.0,
                    0.0
                ],
                [
                    0.0,
                    0.7071067094802856,
                    0.7071067094802856,
                    2.4108598232269287
                ],
                [
                    0.0,
                    0.0,
                    0.0,
                    1.0
                ]
            ]
        },
        {
            "file_path": "frame_0022",
            "camera_position": [
                2.424647486464178,
                0.0,
                2.424647486464178
            ],
            "radius": 3.428969359331476,
            "frame_number": 22,
            "transform_matrix": [
                [
                    0.0,
                    -0.7071067094802856,
                    0.7071068286895752,
                    2.424647569656372
                ],
                [
                    0.9999999403953552,
                    0.0,
                    0.0,
                    0.0
                ],
                [
                    0.0,
                    0.7071067094802856,
                    0.7071068286895752,
                    2.424647569656372
                ],
                [
                    0.0,
                    0.0,
                    0.0,
                    1.0
                ]
            ]
        },
        {
            "file_path": "frame_0023",
            "camera_position": [
                2.43843508386893,
                0.0,
                2.43843508386893
            ],
            "radius": 3.448467966573816,
            "frame_number": 23,
            "transform_matrix": [
                [
                    0.0,
                    -0.7071067094802856,
                    0.7071067094802856,
                    2.4384350776672363
                ],
                [
                    0.9999999403953552,
                    0.0,
                    0.0,
                    0.0
                ],
                [
                    0.0,
                    0.7071067094802856,
                    0.7071067094802856,
                    2.4384350776672363
                ],
                [
                    0.0,
                    0.0,
                    0.0,
                    1.0
                ]
            ]
        },
        {
            "file_path": "frame_0024",
            "camera_position": [
                2.452222681273682,
                0.0,
                2.452222681273682
            ],
            "radius": 3.467966573816156,
            "frame_number": 24,
            "transform_matrix": [
                [
                    0.0,
                    -0.7071067094802856,
                    0.7071067094802856,
                    2.4522225856781006
                ],
                [
                    0.9999999403953552,
                    0.0,
                    0.0,
                    0.0
                ],
                [
                    0.0,
                    0.7071067094802856,
                    0.7071067094802856,
                    2.4522225856781006
                ],
                [
                    0.0,
                    0.0,
                    0.0,
                    1.0
                ]
            ]
        },
        {
            "file_path": "frame_0025",
            "camera_position": [
                2.4660102786784335,
                0.0,
                2.4660102786784335
            ],
            "radius": 3.487465181058496,
            "frame_number": 25,
            "transform_matrix": [
                [
                    0.0,
                    -0.7071067094802856,
                    0.7071068286895752,
                    2.466010332107544
                ],
                [
                    0.9999999403953552,
                    0.0,
                    0.0,
                    0.0
                ],
                [
                    0.0,
                    0.7071067094802856,
                    0.7071068286895752,
                    2.466010332107544
                ],
                [
                    0.0,
                    0.0,
                    0.0,
                    1.0
                ]
            ]
        },
        {
            "file_path": "frame_0026",
            "camera_position": [
                2.4797978760831847,
                0.0,
                2.4797978760831847
            ],
            "radius": 3.5069637883008355,
            "frame_number": 26,
            "transform_matrix": [
                [
                    0.0,
                    -0.7071067094802856,
                    0.7071067094802856,
                    2.479797840118408
                ],
                [
                    0.9999999403953552,
                    0.0,
                    0.0,
                    0.0
                ],
                [
                    0.0,
                    0.7071067094802856,
                    0.7071067094802856,
                    2.479797840118408
                ],
                [
                    0.0,
                    0.0,
                    0.0,
                    1.0
                ]
            ]
        },
        {
            "file_path": "frame_0027",
            "camera_position": [
                2.493585473487937,
                0.0,
                2.493585473487937
            ],
            "radius": 3.5264623955431755,
            "frame_number": 27,
            "transform_matrix": [
                [
                    0.0,
                    -0.7071067094802856,
                    0.7071067094802856,
                    2.4935855865478516
                ],
                [
                    0.9999999403953552,
                    0.0,
                    0.0,
                    0.0
                ],
                [
                    0.0,
                    0.7071067094802856,
                    0.7071067094802856,
                    2.4935855865478516
                ],
                [
                    0.0,
                    0.0,
                    0.0,
                    1.0
                ]
            ]
        },
        {
            "file_path": "frame_0028",
            "camera_position": [
                2.507373070892688,
                0.0,
                2.507373070892688
            ],
            "radius": 3.545961002785515,
            "frame_number": 28,
            "transform_matrix": [
                [
                    0.0,
                    -0.7071066498756409,
                    0.7071054577827454,
                    2.507373094558716
                ],
                [
                    0.9999999403953552,
                    0.0,
                    0.0,
                    0.0
                ],
                [
                    0.0,
                    0.7071067094802856,
                    0.7071054577827454,
                    2.507373094558716
                ],
                [
                    0.0,
                    0.0,
                    0.0,
                    1.0
                ]
            ]
        },
        {
            "file_path": "frame_0029",
            "camera_position": [
                2.5211606682974397,
                0.0,
                2.5211606682974397
            ],
            "radius": 3.565459610027855,
            "frame_number": 29,
            "transform_matrix": [
                [
                    0.0,
                    -0.7071067094802856,
                    0.7071067094802856,
                    2.52116060256958
                ],
                [
                    0.9999999403953552,
                    0.0,
                    0.0,
                    0.0
                ],
                [
                    0.0,
                    0.7071067094802856,
                    0.7071067094802856,
                    2.52116060256958
                ],
                [
                    0.0,
                    0.0,
                    0.0,
                    1.0
                ]
            ]
        },
        {
            "file_path": "frame_0030",
            "camera_position": [
                2.5349482657021913,
                0.0,
                2.5349482657021913
            ],
            "radius": 3.584958217270195,
            "frame_number": 30,
            "transform_matrix": [
                [
                    0.0,
                    -0.7071067094802856,
                    0.7071067094802856,
                    2.5349483489990234
                ],
                [
                    0.9999999403953552,
                    0.0,
                    0.0,
                    0.0
                ],
                [
                    0.0,
                    0.7071067094802856,
                    0.7071067094802856,
                    2.5349483489990234
                ],
                [
                    0.0,
                    0.0,
                    0.0,
                    1.0
                ]
            ]
        },
        {
            "file_path": "frame_0031",
            "camera_position": [
                2.548735863106943,
                0.0,
                2.548735863106943
            ],
            "radius": 3.6044568245125346,
            "frame_number": 31,
            "transform_matrix": [
                [
                    0.0,
                    -0.7071067094802856,
                    0.7071067094802856,
                    2.5487358570098877
                ],
                [
                    0.9999999403953552,
                    0.0,
                    0.0,
                    0.0
                ],
                [
                    0.0,
                    0.7071067094802856,
                    0.7071067094802856,
                    2.5487358570098877
                ],
                [
                    0.0,
                    0.0,
                    0.0,
                    1.0
                ]
            ]
        },
        {
            "file_path": "frame_0032",
            "camera_position": [
                2.5625234605116947,
                0.0,
                2.5625234605116947
            ],
            "radius": 3.6239554317548746,
            "frame_number": 32,
            "transform_matrix": [
                [
                    0.0,
                    -0.7071067094802856,
                    0.7071068286895752,
                    2.562523365020752
                ],
                [
                    0.9999999403953552,
                    0.0,
                    0.0,
                    0.0
                ],
                [
                    0.0,
                    0.7071067094802856,
                    0.7071068286895752,
                    2.562523365020752
                ],
                [
                    0.0,
                    0.0,
                    0.0,
                    1.0
                ]
            ]
        },
        {
            "file_path": "frame_0033",
            "camera_position": [
                2.5763110579164463,
                0.0,
                2.5763110579164463
            ],
            "radius": 3.6434540389972145,
            "frame_number": 33,
            "transform_matrix": [
                [
                    0.0,
                    -0.7071067094802856,
                    0.7071067094802856,
                    2.5763111114501953
                ],
                [
                    0.9999999403953552,
                    0.0,
                    0.0,
                    0.0
                ],
                [
                    0.0,
                    0.7071067094802856,
                    0.7071067094802856,
                    2.5763111114501953
                ],
                [
                    0.0,
                    0.0,
                    0.0,
                    1.0
                ]
            ]
        },
        {
            "file_path": "frame_0034",
            "camera_position": [
                2.590098655321198,
                0.0,
                2.590098655321198
            ],
            "radius": 3.662952646239554,
            "frame_number": 34,
            "transform_matrix": [
                [
                    0.0,
                    -0.7071066498756409,
                    0.7071054577827454,
                    2.5900986194610596
                ],
                [
                    0.9999999403953552,
                    0.0,
                    0.0,
                    0.0
                ],
                [
                    0.0,
                    0.7071067094802856,
                    0.7071054577827454,
                    2.5900986194610596
                ],
                [
                    0.0,
                    0.0,
                    0.0,
                    1.0
                ]
            ]
        },
        {
            "file_path": "frame_0035",
            "camera_position": [
                2.6038862527259496,
                0.0,
                2.6038862527259496
            ],
            "radius": 3.682451253481894,
            "frame_number": 35,
            "transform_matrix": [
                [
                    0.0,
                    -0.7071067094802856,
                    0.7071067094802856,
                    2.603886365890503
                ],
                [
                    0.9999999403953552,
                    0.0,
                    0.0,
                    0.0
                ],
                [
                    0.0,
                    0.7071067094802856,
                    0.7071067094802856,
                    2.603886365890503
                ],
                [
                    0.0,
                    0.0,
                    0.0,
                    1.0
                ]
            ]
        },
        {
            "file_path": "frame_0036",
            "camera_position": [
                2.6176738501307013,
                0.0,
                2.6176738501307013
            ],
            "radius": 3.701949860724234,
            "frame_number": 36,
            "transform_matrix": [
                [
                    0.0,
                    -0.7071067094802856,
                    0.7071068286895752,
                    2.617673873901367
                ],
                [
                    0.9999999403953552,
                    0.0,
                    0.0,
                    0.0
                ],
                [
                    0.0,
                    0.7071067094802856,
                    0.7071068286895752,
                    2.617673873901367
                ],
                [
                    0.0,
                    0.0,
                    0.0,
                    1.0
                ]
            ]
        },
        {
            "file_path": "frame_0037",
            "camera_position": [
                2.6314614475354525,
                0.0,
                2.6314614475354525
            ],
            "radius": 3.7214484679665736,
            "frame_number": 37,
            "transform_matrix": [
                [
                    0.0,
                    -0.7071067094802856,
                    0.7071067094802856,
                    2.6314613819122314
                ],
                [
                    0.9999999403953552,
                    0.0,
                    0.0,
                    0.0
                ],
                [
                    0.0,
                    0.7071067094802856,
                    0.7071067094802856,
                    2.6314613819122314
                ],
                [
                    0.0,
                    0.0,
                    0.0,
                    1.0
                ]
            ]
        },
        {
            "file_path": "frame_0038",
            "camera_position": [
                2.645249044940204,
                0.0,
                2.645249044940204
            ],
            "radius": 3.7409470752089136,
            "frame_number": 38,
            "transform_matrix": [
                [
                    0.0,
                    -0.7071067094802856,
                    0.7071068286895752,
                    2.645249128341675
                ],
                [
                    0.9999999403953552,
                    0.0,
                    0.0,
                    0.0
                ],
                [
                    0.0,
                    0.7071067094802856,
                    0.7071068286895752,
                    2.645249128341675
                ],
                [
                    0.0,
                    0.0,
                    0.0,
                    1.0
                ]
            ]
        },
        {
            "file_path": "frame_0039",
            "camera_position": [
                2.6590366423449563,
                0.0,
                2.6590366423449563
            ],
            "radius": 3.7604456824512535,
            "frame_number": 39,
            "transform_matrix": [
                [
                    0.0,
                    -0.7071067094802856,
                    0.7071067094802856,
                    2.659036636352539
                ],
                [
                    0.9999999403953552,
                    0.0,
                    0.0,
                    0.0
                ],
                [
                    0.0,
                    0.7071067094802856,
                    0.7071067094802856,
                    2.659036636352539
                ],
                [
                    0.0,
                    0.0,
                    0.0,
                    1.0
                ]
            ]
        },
        {
            "file_path": "frame_0040",
            "camera_position": [
                2.6728242397497075,
                0.0,
                2.6728242397497075
            ],
            "radius": 3.779944289693593,
            "frame_number": 40,
            "transform_matrix": [
                [
                    0.0,
                    -0.7071067094802856,
                    0.7071067094802856,
                    2.6728241443634033
                ],
                [
                    0.9999999403953552,
                    0.0,
                    0.0,
                    0.0
                ],
                [
                    0.0,
                    0.7071067094802856,
                    0.7071067094802856,
                    2.6728241443634033
                ],
                [
                    0.0,
                    0.0,
                    0.0,
                    1.0
                ]
            ]
        },
        {
            "file_path": "frame_0041",
